=== Q-12(a) part 1: inter-block gain correlation vs instantaneous receive-subspace overlap (t6_q12_geom.json, seed 20260917, B=48, runs=40) ===
motion label: phi_v=90 -> radial (UE at broadside moving away, AoA fixed); phi_v=0 -> tangential (AoA drifts at v/R)
-- main_N32_R50_v3_phi90  {'N': 32, 'R': 50.0, 'v': 3.0, 'phi_v_deg': 90.0}
Delta[ms]  d/lam  rhoG(1)   |J0|  rhoS(1)  rhoS(8)  rhoS(16)  rhoS(32)  top2frac
     0.50   0.14    0.857  0.815    0.781    0.632     0.602     0.588     0.822
     1.00   0.28    0.415  0.363    0.643    0.602     0.600     0.582     0.809
     2.00   0.56    0.467  0.383    0.667    0.584     0.589     0.583     0.807
     5.00   1.40    0.057  0.040    0.594    0.592     0.590     0.585     0.808
    10.00   2.80    0.110  0.085    0.590    0.590     0.590     0.591     0.807
    20.00   5.60    0.160  0.133    0.601    0.587     0.587     0.585     0.808
    50.00  14.01    0.072  0.064    0.594    0.597     0.596     0.590     0.810
   100.00  28.02    0.060  0.047    0.610    0.608     0.608     0.604     0.824
-- main_N32_R50_v3_phi0  {'N': 32, 'R': 50.0, 'v': 3.0, 'phi_v_deg': 0.0}
Delta[ms]  d/lam  rhoG(1)   |J0|  rhoS(1)  rhoS(8)  rhoS(16)  rhoS(32)  top2frac
     0.50   0.14    0.857  0.815    0.842    0.630     0.599     0.584     0.842
     1.00   0.28    0.416  0.363    0.690    0.599     0.589     0.590     0.826
     2.00   0.56    0.422  0.383    0.721    0.582     0.579     0.583     0.812
     5.00   1.40    0.065  0.040    0.584    0.585     0.584     0.569     0.797
    10.00   2.80    0.096  0.085    0.583    0.583     0.575     0.553     0.791
    20.00   5.60    0.156  0.133    0.584    0.571     0.548     0.477     0.752
    50.00  14.01    0.080  0.064    0.585    0.540     0.431     0.263     0.608
   100.00  28.02    0.048  0.047    0.588    0.441     0.272     0.215     0.493
-- N32_R20_v3_phi90  {'N': 32, 'R': 20.0, 'v': 3.0, 'phi_v_deg': 90.0}
Delta[ms]  d/lam  rhoG(1)   |J0|  rhoS(1)  rhoS(8)  rhoS(16)  rhoS(32)  top2frac
     0.50   0.14    0.892  0.815    0.734    0.516     0.438     0.433     0.669
     1.00   0.28    0.463  0.363    0.504    0.439     0.431     0.432     0.635
     2.00   0.56    0.495  0.383    0.587    0.434     0.436     0.425     0.631
     5.00   1.40    0.086  0.040    0.430    0.430     0.429     0.436     0.620
    10.00   2.80    0.116  0.085    0.440    0.431     0.432     0.434     0.620
    20.00   5.60    0.172  0.133    0.446    0.438     0.430     0.425     0.618
    50.00  14.01    0.101  0.064    0.452    0.446     0.446     0.438     0.630
   100.00  28.02    0.074  0.047    0.477    0.469     0.474     0.463     0.659
-- N32_R100_v3_phi90  {'N': 32, 'R': 100.0, 'v': 3.0, 'phi_v_deg': 90.0}
Delta[ms]  d/lam  rhoG(1)   |J0|  rhoS(1)  rhoS(8)  rhoS(16)  rhoS(32)  top2frac
     0.50   0.14    0.832  0.815    0.825    0.720     0.692     0.692     0.917
     1.00   0.28    0.390  0.363    0.703    0.683     0.671     0.678     0.904
     2.00   0.56    0.435  0.383    0.736    0.687     0.683     0.685     0.905
     5.00   1.40    0.063  0.040    0.682    0.685     0.679     0.682     0.908
    10.00   2.80    0.094  0.085    0.682    0.682     0.680     0.689     0.905
    20.00   5.60    0.168  0.133    0.692    0.682     0.685     0.684     0.909
    50.00  14.01    0.087  0.064    0.688    0.690     0.687     0.687     0.907
   100.00  28.02    0.059  0.047    0.693    0.686     0.687     0.687     0.911
-- N16_R50_v3_phi90  {'N': 16, 'R': 50.0, 'v': 3.0, 'phi_v_deg': 90.0}
Delta[ms]  d/lam  rhoG(1)   |J0|  rhoS(1)  rhoS(8)  rhoS(16)  rhoS(32)  top2frac
     0.50   0.14    0.823  0.815    0.847    0.752     0.738     0.745     0.932
     1.00   0.28    0.376  0.363    0.772    0.748     0.744     0.755     0.930
     2.00   0.56    0.412  0.383    0.778    0.741     0.743     0.742     0.929
     5.00   1.40    0.058  0.040    0.740    0.739     0.741     0.742     0.927
    10.00   2.80    0.084  0.085    0.744    0.743     0.741     0.745     0.930
    20.00   5.60    0.168  0.133    0.734    0.735     0.734     0.737     0.927
    50.00  14.01    0.076  0.064    0.748    0.747     0.749     0.748     0.934
   100.00  28.02    0.028  0.047    0.761    0.760     0.761     0.757     0.939
-- N64_R50_v3_phi90  {'N': 64, 'R': 50.0, 'v': 3.0, 'phi_v_deg': 90.0}
Delta[ms]  d/lam  rhoG(1)   |J0|  rhoS(1)  rhoS(8)  rhoS(16)  rhoS(32)  top2frac
     0.50   0.14    0.893  0.815    0.725    0.514     0.444     0.436     0.666
     1.00   0.28    0.487  0.363    0.498    0.440     0.424     0.418     0.624
     2.00   0.56    0.467  0.383    0.581    0.421     0.414     0.423     0.616
     5.00   1.40    0.051  0.040    0.423    0.418     0.420     0.417     0.603
    10.00   2.80    0.115  0.085    0.430    0.424     0.422     0.424     0.617
    20.00   5.60    0.190  0.133    0.441    0.421     0.420     0.418     0.611
    50.00  14.01    0.081  0.064    0.432    0.425     0.426     0.420     0.615
   100.00  28.02    0.060  0.047    0.444    0.437     0.433     0.434     0.627
-- main_N32_R50_v3_phi90_rho3  {'N': 32, 'R': 50.0, 'v': 3.0, 'phi_v_deg': 90.0, 'rho_loc': 3.0}
Delta[ms]  d/lam  rhoG(1)   |J0|  rhoS(1)  rhoS(8)  rhoS(16)  rhoS(32)  top2frac
     0.50   0.14    0.882  0.815    0.744    0.552     0.491     0.468     0.703
     1.00   0.28    0.457  0.363    0.540    0.487     0.477     0.475     0.678
     2.00   0.56    0.493  0.383    0.598    0.464     0.463     0.455     0.666
     5.00   1.40    0.063  0.040    0.476    0.475     0.475     0.467     0.660
    10.00   2.80    0.129  0.085    0.471    0.467     0.459     0.468     0.660
    20.00   5.60    0.177  0.133    0.475    0.467     0.462     0.469     0.658
    50.00  14.01    0.087  0.064    0.483    0.481     0.475     0.475     0.664
   100.00  28.02    0.059  0.047    0.497    0.494     0.484     0.485     0.676

=== Q-12(a) part 2: long-term subspace (t6_q12_longterm.json; W=16-block windows; PEF = predictive energy fraction from the PAST window) ===
case                                        r90  r95    PR  rhoS1  PEF2(1)  PEF2(16)  PEF2(48)  PEFe(1)  PEFe(48)  LT(16)  LT(48)
NLOS_N32_R50_rho1.5_radial__D2ms            3.0  3.7  2.69  0.673    0.774     0.767     0.766    0.960     0.959   0.933   0.926
NLOS_N32_R50_rho1.5_radial__D10ms           3.0  3.8  2.75  0.596    0.779     0.778     0.780    0.966     0.966   0.935   0.938
NLOS_N32_R50_rho1.5_tangential__D2ms        3.0  3.7  2.71  0.719    0.765     0.759     0.733    0.961     0.946   0.897   0.902
NLOS_N32_R50_rho1.5_tangential__D10ms       3.0  4.0  3.04  0.584    0.767     0.722     0.571    0.966     0.883   0.902   0.830
NLOS_N32_R50_rho0.5_tangential__D2ms        2.0  2.9  2.09  0.798    0.922     0.916     0.890    0.962     0.942   0.828   0.830
NLOS_N32_R50_rho0.5_tangential__D10ms       3.0  3.0  2.49  0.727    0.912     0.836     0.576    0.960     0.764   0.841   0.734
LOS_K3dB_N32_R50_tangential__D2ms           2.2  3.0  1.62  0.824    0.896     0.892     0.885    0.970     0.965   0.937   0.923
LOS_K3dB_N32_R50_tangential__D10ms          3.0  3.0  2.02  0.663    0.886     0.798     0.477    0.969     0.838   0.953   0.837
LOS_K10dB_N32_R50_tangential__D2ms          1.0  2.0  1.16  0.866    0.969     0.963     0.941    0.969     0.941   0.865   0.838
LOS_K10dB_N32_R50_tangential__D10ms         2.0  2.7  1.49  0.681    0.949     0.837     0.432    0.980     0.746   0.938   0.795
NLOS_N16_R50_rho1.5_tangential__D2ms        2.0  2.9  2.14  0.803    0.916     0.905     0.910    0.982     0.979   0.976   0.974
NLOS_N16_R50_rho1.5_tangential__D10ms       2.2  3.0  2.21  0.739    0.918     0.899     0.825    0.987     0.970   0.984   0.949
NLOS_N32_R100_rho1.5_tangential__D2ms       2.4  3.1  2.20  0.768    0.886     0.878     0.883    0.961     0.957   0.873   0.871
NLOS_N32_R100_rho1.5_tangential__D10ms      2.9  3.1  2.33  0.679    0.893     0.874     0.791    0.960     0.931   0.930   0.875

=== Revised gate-(0) ceiling with a LONG-TERM-subspace genie (t6_ceiling_LT.json, seed 20260917; reduced problem (T,2,r_eff,2) at SNR + 10log10(N/r_eff)) ===
SER 1e-2 operating points [dB]; 'LT-genie' = struct-ML of the reduced problem shifted by -10log10(N/r_eff) (isotropic 2-plane inside the r_eff-dim LT subspace = pessimistic genie)
regime     r_eff     K  prior-free struct  LT-genie  exact-U genie  LT gap  exact gap
(16,2,32,2)     4    64              -6.00     -8.73          -9.59    2.73       3.59
(16,2,32,2)     4  1024              -4.28     -6.98          -8.14    2.70       3.86
(16,2,32,2)     6    64              -6.00     -8.54          -9.59    2.54       3.59
(16,2,32,2)     6  1024              -4.28     -7.08          -8.14    2.80       3.86
(16,2,32,2)     8    64              -6.00     -7.74          -9.59    1.74       3.59
(16,2,32,2)     8  1024              -4.28     -6.62          -8.14    2.34       3.86
(8,2,16,2)     4    64               0.09     -1.54          -2.00    1.63       2.09
(8,2,16,2)     4  1024               1.38      0.53           0.08    0.85       1.30

Rate domain: not evaluated for the LT genie. The finite-K struct-ML MI saturates (K cap) at the main-regime SNRs, and the reduced problem's
continuous-USTM quantities (R_genie' = exact-U genie, GMI_svd' = lower bound) do not bracket the LT-genie rate tightly; a K=8192 low-SNR run
of the reduced problem would be needed (Q-08/Q-14). Judgment unit for (0) stays dB @ SER 1e-2 (D-07).
